Location 1: 55297, 48494, 48490, 48451, 55298, 58666, 58668, 58656, 58667
Location 2: 12081, 12085, 12084, 6360, 6359, 6358, 6361
Location 3: 4268, 4267, 4266, 4269, 46933, 46934, 46963
Location 4: 26803, 58957, 58956, 58955, 58977, 58976, 58975
Location 5: 59235, 58844, 27364, 59236, 27366, 58823, 59255
Location 6: 24579, 24357, 24506, 24580, 24581, 59907, 24595
Location 7: 3832, 3826, 3833, 3739, 3738, 3737, 3736
Location 8: 54630, 54624, 54632, 54631, 60581, 60587, 60576
Location 9: 54794, 42511, 42512, 54793, 54797, 54796, 54795
Location 10: 42236, 42263, 50540, 42244, 42243, 42242, 42239
Location 11: 56850, 56849, 41107, 56848, 56851, 56853, 56852
Location 12: 18375, 18374, 18342, 18373, 18344, 18377, 18376
Location 13: 27315, 27320, 27319, 27318, 27317, 27316
Location 14: 23400, 23395, 23390, 23403, 23402, 23401
Location 15: 17927, 17926, 17919, 17925, 17918, 17888